0.46909857
0.56632531
0.57797188
0.58216763
0.59139687
0.59800667
0.60378766
0.60575783
0.60650218
0.61531079
0.61606681
0.61732882
0.62101603
0.62409502
0.63072044
0.64075887
0.64137310
0.64407706
0.64670450
0.64707404
0.64954275
0.65108794
0.65155733
0.65280128
0.65592879
0.65642220
0.66006362
0.66020304
0.66086531
0.66115236
0.66124898
0.66291374
0.66317642
0.66332954
0.66544896
0.66714156
0.66714627
0.66720372
0.66998774
0.67244214
0.67255735
0.67283076
0.67616302
0.68122602
0.68238115
0.68346405
0.68689281
0.68755829
0.68992621
0.69077706
0.69231403
0.69253987
0.69345778
0.69633561
0.69831193
0.69880956
0.70032269
0.70120657
0.70194846
0.70417637
0.70649737
0.70705617
0.70814645
0.70877951
0.70885921
0.70938122
0.71178407
0.71268833
0.71279377
0.71411151
0.71413893
0.71548349
0.71809536
0.71858203
0.71996182
0.72044432
0.72135484
0.72156847
0.72168785
0.72307706
0.72387171
0.72446907
0.72504228
0.72568870
0.72569591
0.72576284
0.72582758
0.72598493
0.72710753
0.72720599
0.72783995
0.72798258
0.72913235
0.72932196
0.73024964
0.73032057
0.73074824
0.73124152
0.73184037
0.73325813
0.73346394
0.73379332
0.73473567
0.73540783
0.73603547
0.73632067
0.73749071
0.73795849
0.73809850
0.73849297
0.73872238
0.73964191
0.73977405
0.74083507
0.74103683
0.74186105
0.74191010
0.74388379
0.74563801
0.74623507
0.74624729
0.74663240
0.74701458
0.74710292
0.74736041
0.74882376
0.74923736
0.75036693
0.75070149
0.75138974
0.75155032
0.75220645
0.75237727
0.75311172
0.75529230
0.75558132
0.75583756
0.75599831
0.75702632
0.75761974
0.75841326
0.75887680
0.75949633
0.75964052
0.76001251
0.76013118
0.76024866
0.76029605
0.76046407
0.76095593
0.76155007
0.76158345
0.76158667
0.76192671
0.76194340
0.76247484
0.76355201
0.76386768
0.76453316
0.76508653
0.76536185
0.76580232
0.76693445
0.76721877
0.76855475
0.76904655
0.76984704
0.77114517
0.77146137
0.77183288
0.77186924
0.77200896
0.77223688
0.77223742
0.77378708
0.77412164
0.77419269
0.77478212
0.77523530
0.77559739
0.77589566
0.77612221
0.77817327
0.77896047
0.77913183
0.77915210
0.77922946
0.77936083
0.77939683
0.77991056
0.77997053
0.78021157
0.78040975
0.78051519
0.78077257
0.78097427
0.78097552
0.78218204
0.78243244
0.78289890
0.78304809
0.78315622
0.78327751
0.78397834
0.78407073
0.78422427
0.78426385
0.78458762
0.78483605
0.78513789
0.78524345
0.78559059
0.78722453
0.78728420
0.78798658
0.78831559
0.78854209
0.78922600
0.78964162
0.78964889
0.78989333
0.79004693
0.79009378
0.79049450
0.79052615
0.79185599
0.79189849
0.79232663
0.79456103
0.79472041
0.79514462
0.79522800
0.79530293
0.79531682
0.79574114
0.79672158
0.79690820
0.79732496
0.79735535
0.79739553
0.79865903
0.79866260
0.79898977
0.79909700
0.79923284
0.79930133
0.79936528
0.79982901
0.80009466
0.80026811
0.80044389
0.80125207
0.80153155
0.80180925
0.80198008
0.80219340
0.80268765
0.80308563
0.80373782
0.80396646
0.80412960
0.80457604
0.80485302
0.80516863
0.80520898
0.80542356
0.80563152
0.80654013
0.80658197
0.80663490
0.80836165
0.80895919
0.80923605
0.80948937
0.81019139
0.81043798
0.81103164
0.81105578
0.81111449
0.81191391
0.81306225
0.81325448
0.81357247
0.81366509
0.81369293
0.81391925
0.81395400
0.81404936
0.81410188
0.81448811
0.81455988
0.81478334
0.81532645
0.81551313
0.81553531
0.81561422
0.81581461
0.81602556
0.81616634
0.81637460
0.81639147
0.81667501
0.81714541
0.81720579
0.81722021
0.81745029
0.81763744
0.81764758
0.81770361
0.81799668
0.81807226
0.81822646
0.81899530
0.81913209
0.81935442
0.81965083
0.81996453
0.82022762
0.82065445
0.82189506
0.82213688
0.82237977
0.82253301
0.82297272
0.82311034
0.82390833
0.82398826
0.82427192
0.82473856
0.82475758
0.82493788
0.82536411
0.82567686
0.82588595
0.82655788
0.82663119
0.82669854
0.82754540
0.82758600
0.82822490
0.82843286
0.82876331
0.82884806
0.82911587
0.82919955
0.82931382
0.82983899
0.83004320
0.83014065
0.83128512
0.83180702
0.83209795
0.83257240
0.83298200
0.83330637
0.83348483
0.83351827
0.83373988
0.83395529
0.83406407
0.83413923
0.83440960
0.83503825
0.83665574
0.83678544
0.83683389
0.83688104
0.83697069
0.83727473
0.83739913
0.83796144
0.83885485
0.83964521
0.83970612
0.83986002
0.84036678
0.84041035
0.84054095
0.84118235
0.84153098
0.84181172
0.84183037
0.84271896
0.84369540
0.84424841
0.84449291
0.84501362
0.84600544
0.84677070
0.84719384
0.84800166
0.84805828
0.84901053
0.84902853
0.84997195
0.85141510
0.85269290
0.85294086
0.85424632
0.85576904
0.85581780
0.85712767
0.85792041
0.86106294
0.86121213
0.86181718
0.86191642
0.86334354
0.86339980
0.86411333
0.86432344
0.86479724
0.86573416
0.86757243
0.86836988
0.86876339
0.86936635
0.87081879
0.87162721
0.87213969
0.87260127
0.87263769
0.87266821
0.87318957
0.87324810
0.87557435
0.87768191
0.87822849
0.87867409
0.87868744
0.88041580
0.88186121
0.88300169
0.88391060
0.88450491
0.88542426
0.88602990
0.88640022
0.88787603
0.88947982
0.88971156
0.89029813
0.89065599
0.89132702
0.89318436
0.89476138
0.89931035
0.90053260
0.90103775
0.90149009
0.90277404
0.90322310
0.90338713
0.90650690
0.90677422
0.90716368
0.90900707
0.90907902
0.90913421
0.91000420
0.91028106
0.91142547
0.91177768
0.91736966
0.91834807
0.92070705
0.92334241
0.92390609
0.92410469
0.92446023
0.92576164
0.93022025
0.93187141
0.93692297
0.93800336
0.93824917
0.94036549
0.94500113
0.94959021
0.95231837
0.95279580
0.95349401
0.95375377
0.95731121
0.95832318
0.96582234
0.97471535
0.98229361
1.00285280
1.00488198
1.02664936
1.02673745
1.03553700
1.03918421
1.05697775
1.06670892
1.09235036
1.09521461
1.12271321
1.12961698
