batch 00001
0 0 1 0 *** 
batch 00002
0 0 0 0 *** 
batch 00003
0 0 1 0 *** 
batch 00004
0 0 0 0 *** 
batch 00005
0 0 0 0 *** 
batch 00006
0 0 0 0 *** 
batch 00007
0 0 0 0 *** 
batch 00008
0 0 0 0 *** 
batch 00009
0 0 0 0 *** 
batch 00010
0 0 1 0 *** 
batch 00011
0 0 0 0 *** 
batch 00012
0 0 0 0 *** 
batch 00013
0 0 0 0 *** 
batch 00014
0 0 0 0 *** 
batch 00015
0 0 1 1 *** 
batch 00016
0 0 0 0 *** 
batch 00017
0 0 0 0 *** 
batch 00018
0 0 0 0 *** 
batch 00019
0 0 0 0 *** 
batch 00020
0 0 1 0 *** 
batch 00021
0 0 1 0 *** 
batch 00022
0 0 0 0 *** 
batch 00023
0 0 0 0 *** 
batch 00024
0 0 0 0 *** 
batch 00025
0 0 0 0 *** 
batch 00026
0 0 0 0 *** 
batch 00027
0 0 1 1 *** 
batch 00028
0 0 0 0 *** 
batch 00029
0 0 0 0 *** 
batch 00030
0 0 0 0 *** 
batch 00031
0 0 0 0 *** 
batch 00032
0 0 0 0 *** 
batch 00033
0 0 0 0 *** 
batch 00034
0 0 0 0 *** 
batch 00035
0 0 1 0 *** 
batch 00036
0 0 0 0 *** 
batch 00037
0 0 0 0 *** 
batch 00038
0 0 0 0 *** 
batch 00039
0 0 0 0 *** 
batch 00040
0 0 0 0 *** 
batch 00041
0 0 0 0 *** 
batch 00042
0 0 0 0 *** 
batch 00043
0 0 0 0 *** 
batch 00044
0 0 1 1 *** 
batch 00045
0 0 0 0 *** 
batch 00046
0 0 0 0 *** 
batch 00047
0 0 1 0 *** 
batch 00048
0 0 0 0 *** 
batch 00049
0 0 0 0 *** 
batch 00050
0 0 0 0 *** 
batch 00051
0 0 0 0 *** 
batch 00052
0 0 1 0 *** 
batch 00053
0 0 0 0 *** 
batch 00054
0 0 0 0 *** 
batch 00055
0 0 1 0 *** 
batch 00056
0 0 1 0 *** 
batch 00057
0 0 1 0 *** 
batch 00058
0 0 0 0 *** 
batch 00059
0 0 1 1 *** 
batch 00060
0 0 0 0 *** 
batch 00061
0 0 0 0 *** 
batch 00062
0 0 0 0 *** 
batch 00063
0 0 0 0 *** 
batch 00064
0 0 0 0 *** 
batch 00065
0 0 0 0 *** 
batch 00066
0 0 1 1 *** 
batch 00067
0 0 0 0 *** 
batch 00068
0 0 0 0 *** 
batch 00069
0 0 1 0 *** 
batch 00070
0 0 1 0 *** 
batch 00071
0 0 0 0 *** 
batch 00072
0 0 0 0 *** 
batch 00073
0 0 1 0 *** 
batch 00074
0 0 0 0 *** 
batch 00075
0 0 0 0 *** 
batch 00076
0 0 0 0 *** 
batch 00077
0 0 1 0 *** 
batch 00078
0 0 1 1 *** 
batch 00079
0 0 0 0 *** 
batch 00080
0 0 0 0 *** 
batch 00081
0 0 0 0 *** 
batch 00082
0 0 0 0 *** 
batch 00083
0 0 1 1 *** 
batch 00084
0 0 0 0 *** 
batch 00085
0 0 0 0 *** 
batch 00086
0 0 1 0 *** 
batch 00087
0 0 0 0 *** 
batch 00088
0 0 1 1 *** 
batch 00089
0 0 1 0 *** 
batch 00090
0 0 0 0 *** 
batch 00091
0 0 0 0 *** 
batch 00092
0 0 0 0 *** 
batch 00093
0 0 0 0 *** 
batch 00094
0 0 0 0 *** 
batch 00095
0 0 1 0 *** 
batch 00096
0 0 1 0 *** 
batch 00097
0 0 0 0 *** 
batch 00098
0 0 0 0 *** 
batch 00099
0 0 0 0 *** 
batch 00100
0 0 0 0 *** 
batch 00101
0 0 0 0 *** 
batch 00102
0 0 1 1 *** 
batch 00103
0 0 0 0 *** 
batch 00104
1 0 1 1 *** 
batch 00105
0 0 0 0 *** 
batch 00106
0 0 1 1 *** 
batch 00107
0 0 0 0 *** 
batch 00108
0 0 0 0 *** 
batch 00109
0 0 0 0 *** 
batch 00110
0 0 0 0 *** 
batch 00111
0 0 0 0 *** 
batch 00112
0 0 0 0 *** 
batch 00113
0 0 0 0 *** 
batch 00114
0 0 0 0 *** 
batch 00115
0 0 0 0 *** 
batch 00116
0 0 0 0 *** 
batch 00117
0 0 0 0 *** 
batch 00118
0 0 0 0 *** 
batch 00119
0 0 0 0 *** 
batch 00120
0 0 0 0 *** 
batch 00121
0 0 0 0 *** 
batch 00122
0 0 0 0 *** 
batch 00123
0 0 0 0 *** 
batch 00124
0 0 0 0 *** 
batch 00125
0 0 1 1 *** 
batch 00126
0 0 0 0 *** 
batch 00127
0 0 1 1 *** 
batch 00128
0 0 0 0 *** 
batch 00129
0 0 0 0 *** 
batch 00130
0 0 0 0 *** 
batch 00131
0 0 1 0 *** 
batch 00132
0 0 0 0 *** 
batch 00133
0 0 0 0 *** 
batch 00134
0 0 0 0 *** 
batch 00135
0 0 0 0 *** 
batch 00136
0 0 1 1 *** 
batch 00137
0 0 0 0 *** 
batch 00138
0 0 1 0 *** 
batch 00139
0 0 0 0 *** 
batch 00140
0 0 0 0 *** 
batch 00141
0 0 0 0 *** 
batch 00142
0 0 0 0 *** 
batch 00143
0 0 0 0 *** 
batch 00144
0 0 0 0 *** 
batch 00145
0 0 0 0 *** 
batch 00146
0 0 0 0 *** 
batch 00147
0 0 0 0 *** 
batch 00148
0 0 0 0 *** 
batch 00149
0 0 0 0 *** 
batch 00150
0 0 0 0 *** 
batch 00151
0 0 1 0 *** 
batch 00152
0 0 0 0 *** 
batch 00153
0 0 0 0 *** 
batch 00154
0 0 0 0 *** 
batch 00155
0 0 0 0 *** 
batch 00156
0 0 0 0 *** 
batch 00157
0 0 0 0 *** 
batch 00158
0 0 1 0 *** 
batch 00159
0 0 1 0 *** 
batch 00160
0 0 0 0 *** 
batch 00161
0 0 0 0 *** 
batch 00162
0 0 0 0 *** 
batch 00163
0 0 1 1 *** 
batch 00164
0 0 0 0 *** 
batch 00165
0 0 0 0 *** 
batch 00166
0 0 0 1 *** 
batch 00167
0 0 0 0 *** 
batch 00168
0 0 0 0 *** 
batch 00169
0 0 0 0 *** 
batch 00170
0 0 0 0 *** 
batch 00171
0 0 0 0 *** 
batch 00172
0 0 0 0 *** 
batch 00173
0 0 0 0 *** 
batch 00174
0 0 0 0 *** 
batch 00175
0 0 0 0 *** 
batch 00176
0 0 1 0 *** 
batch 00177
0 0 1 0 *** 
batch 00178
0 0 1 0 *** 
batch 00179
0 0 0 0 *** 
batch 00180
0 0 0 0 *** 
batch 00181
0 0 1 0 *** 
batch 00182
0 0 0 0 *** 
batch 00183
0 0 0 0 *** 
batch 00184
0 0 0 0 *** 
batch 00185
0 0 0 0 *** 
batch 00186
0 0 0 0 *** 
batch 00187
0 0 0 0 *** 
batch 00188
0 0 0 0 *** 
batch 00189
0 0 0 0 *** 
batch 00190
0 0 0 0 *** 
batch 00191
0 0 0 0 *** 
batch 00192
0 0 0 0 *** 
batch 00193
0 0 0 0 *** 
batch 00194
0 0 0 0 *** 
batch 00195
0 0 0 0 *** 
batch 00196
0 0 0 0 *** 
batch 00197
0 0 0 0 *** 
batch 00198
0 0 0 0 *** 
batch 00199
0 0 0 0 *** 
batch 00200
0 0 0 0 *** 
batch 00201
0 0 0 0 *** 
batch 00202
0 0 1 1 *** 
batch 00203
0 0 0 0 *** 
batch 00204
0 0 0 0 *** 
batch 00205
0 0 0 0 *** 
batch 00206
0 0 0 0 *** 
batch 00207
0 0 1 1 *** 
batch 00208
0 0 0 0 *** 
batch 00209
0 0 0 0 *** 
batch 00210
0 0 0 0 *** 
batch 00211
0 0 0 0 *** 
batch 00212
0 0 0 0 *** 
batch 00213
0 0 1 0 *** 
batch 00214
0 0 0 0 *** 
batch 00215
0 0 1 0 *** 
batch 00216
0 0 0 0 *** 
batch 00217
0 0 0 0 *** 
batch 00218
0 0 0 0 *** 
batch 00219
0 0 0 0 *** 
batch 00220
0 0 0 0 *** 
batch 00221
0 0 1 1 *** 
batch 00222
0 0 1 0 *** 
batch 00223
0 0 0 0 *** 
batch 00224
0 0 0 0 *** 
batch 00225
0 0 0 0 *** 
batch 00226
0 0 1 0 *** 
batch 00227
0 0 0 0 *** 
batch 00228
0 0 0 0 *** 
batch 00229
0 0 0 0 *** 
batch 00230
0 0 0 0 *** 
batch 00231
0 0 0 0 *** 
batch 00232
0 0 0 0 *** 
batch 00233
0 0 1 1 *** 
batch 00234
0 0 0 0 *** 
batch 00235
0 0 1 0 *** 
batch 00236
0 0 1 0 *** 
batch 00237
0 0 0 0 *** 
batch 00238
0 0 0 0 *** 
batch 00239
0 0 0 0 *** 
batch 00240
0 0 0 0 *** 
batch 00241
0 0 0 0 *** 
batch 00242
0 0 0 0 *** 
batch 00243
0 0 0 0 *** 
batch 00244
0 0 0 0 *** 
batch 00245
0 0 0 0 *** 
batch 00246
0 0 0 0 *** 
batch 00247
0 0 0 0 *** 
batch 00248
0 0 1 0 *** 
batch 00249
0 0 0 0 *** 
batch 00250
0 0 0 0 *** 
batch 00251
0 0 0 0 *** 
batch 00252
0 0 1 1 *** 
batch 00253
0 0 0 0 *** 
batch 00254
0 0 0 0 *** 
batch 00255
0 0 0 0 *** 
batch 00256
0 0 0 0 *** 
batch 00257
0 0 0 0 *** 
batch 00258
0 0 0 0 *** 
batch 00259
batch 00260
0 0 0 0 *** 
batch 00261
0 0 0 0 *** 
batch 00262
0 0 0 0 *** 
batch 00263
0 0 0 0 *** 
batch 00264
0 0 0 0 *** 
batch 00265
0 0 0 0 *** 
batch 00266
0 0 0 0 *** 
batch 00267
0 0 0 0 *** 
batch 00268
0 0 0 0 *** 
batch 00269
0 0 0 0 *** 
batch 00270
0 0 0 0 *** 
batch 00271
0 0 0 0 *** 
batch 00272
0 0 0 0 *** 
batch 00273
0 0 0 0 *** 
batch 00274
0 0 0 0 *** 
batch 00275
0 0 1 0 *** 
batch 00276
0 0 0 0 *** 
batch 00277
0 0 1 0 *** 
batch 00278
0 0 0 0 *** 
batch 00279
0 0 0 0 *** 
batch 00280
0 0 0 0 *** 
batch 00281
0 0 0 0 *** 
batch 00282
0 0 0 0 *** 
batch 00283
0 0 0 0 *** 
batch 00284
0 0 0 0 *** 
batch 00285
0 0 0 0 *** 
batch 00286
0 0 0 0 *** 
batch 00287
0 0 0 0 *** 
batch 00288
0 0 0 0 *** 
batch 00289
0 0 0 0 *** 
batch 00290
0 0 0 0 *** 
batch 00291
0 0 0 0 *** 
batch 00292
0 0 0 0 *** 
batch 00293
0 0 0 0 *** 
batch 00294
0 0 0 0 *** 
batch 00295
0 0 0 0 *** 
batch 00296
0 0 0 0 *** 
batch 00297
0 0 0 0 *** 
batch 00298
0 0 0 0 *** 
batch 00299
0 0 0 0 *** 
batch 00300
0 0 0 0 *** 
batch 00301
1 0 1 1 *** 
batch 00302
0 0 1 0 *** 
batch 00303
0 0 1 1 *** 
batch 00304
0 0 0 0 *** 
batch 00305
0 0 1 1 *** 
batch 00306
0 0 0 0 *** 
batch 00307
0 0 0 0 *** 
batch 00308
0 0 0 0 *** 
batch 00309
0 0 0 0 *** 
batch 00310
0 0 0 0 *** 
batch 00311
0 0 0 0 *** 
batch 00312
0 0 0 0 *** 
batch 00313
0 0 0 0 *** 
batch 00314
0 0 0 0 *** 
batch 00315
0 0 0 0 *** 
batch 00316
0 0 1 1 *** 
batch 00317
0 0 1 1 *** 
batch 00318
0 0 0 0 *** 
batch 00319
0 0 0 0 *** 
batch 00320
0 0 0 0 *** 
batch 00321
0 0 0 0 *** 
batch 00322
0 0 0 0 *** 
batch 00323
0 0 0 0 *** 
batch 00324
0 0 0 0 *** 
batch 00325
0 0 0 0 *** 
batch 00326
0 0 0 0 *** 
batch 00327
1 0 1 1 *** 
batch 00328
0 0 0 0 *** 
batch 00329
0 0 0 0 *** 
batch 00330
0 0 1 0 *** 
batch 00331
0 0 0 0 *** 
batch 00332
0 0 1 0 *** 
batch 00333
0 0 0 0 *** 
batch 00334
0 0 0 0 *** 
batch 00335
0 0 0 0 *** 
batch 00336
0 0 0 0 *** 
batch 00337
0 0 1 1 *** 
batch 00338
0 0 0 0 *** 
batch 00339
0 0 0 0 *** 
batch 00340
0 0 0 0 *** 
batch 00341
0 0 1 0 *** 
batch 00342
0 0 0 0 *** 
batch 00343
0 0 0 0 *** 
batch 00344
0 0 0 0 *** 
batch 00345
0 0 0 0 *** 
batch 00346
0 0 1 0 *** 
batch 00347
0 0 0 0 *** 
batch 00348
0 0 0 0 *** 
batch 00349
0 0 0 0 *** 
batch 00350
0 0 0 0 *** 
batch 00351
0 0 1 0 *** 
batch 00352
0 0 1 0 *** 
batch 00353
0 0 1 1 *** 
batch 00354
0 0 0 0 *** 
batch 00355
0 0 0 0 *** 
batch 00356
0 0 0 0 *** 
batch 00357
0 0 1 1 *** 
batch 00358
0 0 0 0 *** 
batch 00359
0 0 0 0 *** 
batch 00360
0 0 0 0 *** 
batch 00361
0 0 0 0 *** 
batch 00362
0 0 1 0 *** 
batch 00363
0 0 0 0 *** 
batch 00364
0 0 0 0 *** 
batch 00365
0 0 0 0 *** 
batch 00366
0 0 0 0 *** 
batch 00367
0 0 0 0 *** 
batch 00368
1 0 1 1 *** 
batch 00369
0 0 0 0 *** 
batch 00370
0 0 1 1 *** 
batch 00371
0 0 0 0 *** 
batch 00372
0 0 0 0 *** 
batch 00373
0 0 0 0 *** 
batch 00374
0 0 0 0 *** 
batch 00375
0 0 0 0 *** 
batch 00376
0 0 0 0 *** 
batch 00377
0 0 0 0 *** 
batch 00378
0 0 1 0 *** 
batch 00379
0 0 0 0 *** 
batch 00380
0 0 1 0 *** 
batch 00381
0 0 0 0 *** 
batch 00382
0 0 0 0 *** 
batch 00383
0 0 0 0 *** 
batch 00384
0 0 1 1 *** 
batch 00385
0 0 0 0 *** 
batch 00386
0 0 0 0 *** 
batch 00387
0 0 0 0 *** 
batch 00388
0 0 0 0 *** 
batch 00389
0 0 0 0 *** 
batch 00390
0 0 0 0 *** 
batch 00391
0 0 0 0 *** 
batch 00392
0 0 0 0 *** 
batch 00393
0 0 0 0 *** 
batch 00394
0 0 0 0 *** 
batch 00395
0 0 0 0 *** 
batch 00396
0 0 1 0 *** 
batch 00397
0 0 0 0 *** 
batch 00398
0 0 1 0 *** 
batch 00399
0 0 0 0 *** 
batch 00400
0 0 0 0 *** 
batch 00401
0 0 1 0 *** 
batch 00402
0 0 1 0 *** 
batch 00403
0 0 0 0 *** 
batch 00404
0 0 0 0 *** 
batch 00405
0 0 1 1 *** 
batch 00406
0 0 0 0 *** 
batch 00407
0 0 0 0 *** 
batch 00408
0 0 0 0 *** 
batch 00409
0 0 0 0 *** 
batch 00410
0 0 0 0 *** 
batch 00411
0 0 0 0 *** 
batch 00412
0 0 0 0 *** 
batch 00413
0 0 0 0 *** 
batch 00414
0 0 0 0 *** 
batch 00415
0 0 0 0 *** 
batch 00416
0 0 0 0 *** 
batch 00417
0 0 0 0 *** 
batch 00418
0 0 0 0 *** 
batch 00419
0 0 0 0 *** 
batch 00420
0 0 0 0 *** 
batch 00421
0 0 1 0 *** 
batch 00422
0 0 0 0 *** 
batch 00423
0 0 0 0 *** 
batch 00424
0 0 1 1 *** 
batch 00425
0 0 0 0 *** 
batch 00426
0 0 0 0 *** 
batch 00427
0 0 1 1 *** 
batch 00428
0 0 0 0 *** 
batch 00429
0 0 0 0 *** 
batch 00430
0 0 1 0 *** 
batch 00431
0 0 0 0 *** 
batch 00432
0 0 0 0 *** 
batch 00433
0 0 0 0 *** 
batch 00434
0 0 0 0 *** 
batch 00435
0 0 0 0 *** 
batch 00436
0 0 1 1 *** 
batch 00437
0 0 0 0 *** 
batch 00438
0 0 0 0 *** 
batch 00439
0 0 1 1 *** 
batch 00440
0 0 0 0 *** 
batch 00441
0 0 1 1 *** 
batch 00442
0 0 0 0 *** 
batch 00443
0 0 0 0 *** 
batch 00444
0 0 0 0 *** 
batch 00445
0 0 1 0 *** 
batch 00446
0 0 0 0 *** 
batch 00447
0 0 1 0 *** 
batch 00448
0 0 1 0 *** 
batch 00449
0 0 0 0 *** 
batch 00450
0 0 0 0 *** 
batch 00451
0 0 0 0 *** 
batch 00452
0 0 0 0 *** 
batch 00453
0 0 1 0 *** 
batch 00454
0 0 0 0 *** 
batch 00455
0 0 0 0 *** 
batch 00456
0 0 0 0 *** 
batch 00457
0 0 0 0 *** 
batch 00458
0 0 0 0 *** 
batch 00459
0 0 0 0 *** 
batch 00460
0 0 1 1 *** 
batch 00461
0 0 0 0 *** 
batch 00462
0 0 0 0 *** 
batch 00463
0 0 0 0 *** 
batch 00464
0 0 1 1 *** 
batch 00465
0 0 0 0 *** 
batch 00466
0 0 1 0 *** 
batch 00467
0 0 0 0 *** 
batch 00468
0 0 0 0 *** 
batch 00469
0 0 0 0 *** 
batch 00470
0 0 0 0 *** 
batch 00471
0 0 0 0 *** 
batch 00472
0 0 0 0 *** 
batch 00473
0 0 1 0 *** 
batch 00474
0 0 0 0 *** 
batch 00475
0 0 0 0 *** 
batch 00476
0 0 1 1 *** 
batch 00477
0 0 0 0 *** 
batch 00478
0 0 0 0 *** 
batch 00479
0 0 0 0 *** 
batch 00480
0 0 1 1 *** 
batch 00481
0 0 0 0 *** 
batch 00482
0 0 0 0 *** 
batch 00483
0 0 1 1 *** 
batch 00484
0 0 0 0 *** 
batch 00485
0 0 0 0 *** 
batch 00486
0 0 0 0 *** 
batch 00487
0 0 0 0 *** 
batch 00488
0 0 0 0 *** 
batch 00489
0 0 0 0 *** 
batch 00490
0 0 0 0 *** 
batch 00491
0 0 1 0 *** 
batch 00492
0 0 1 0 *** 
batch 00493
0 0 0 0 *** 
batch 00494
0 0 0 0 *** 
batch 00495
0 0 0 0 *** 
batch 00496
0 0 0 0 *** 
batch 00497
0 0 0 0 *** 
batch 00498
0 0 0 0 *** 
batch 00499
0 0 1 1 *** 
batch 00500
0 0 0 0 *** 
