1.9415797547E-01
1.8060958331E+00
3.1082007586E-01
3.5855940301E-01
1.2447685436E+00
1.6368217499E+00
4.9913271765E-01
2.9003878088E-01
5.4389680909E-01
1.1903846337E+00
3.3413380386E-01
7.0193386858E-01
1.2550180055E+00
1.5067392782E+00
1.5715389934E+00
6.4279688376E-01
1.0313340116E+00
1.8321642828E+00
1.6163852339E+00
4.0428452242E-01
1.5160943772E+00
1.2078451747E-01
3.5144464675E-01
1.6021280338E+00
7.6095923424E-01
1.7558970611E+00
1.2869490361E+00
7.0010947006E-01
7.9677725964E-01
1.3605503973E+00
7.4079200327E-01
6.3913667555E-01
9.8396914388E-01
6.2357252589E-01
9.6072970735E-01
1.2345808311E+00
1.5096682593E+00
1.0431919336E+00
1.3951967855E+00
1.7365644925E+00
6.1653446191E-01
1.5560331259E+00
1.0561399419E+00
2.5951251400E-01
4.5625159434E-01
7.5366746651E-01
1.0607277424E+00
4.9581098680E-01
1.8959317981E+00
1.8721334468E+00
1.1137601982E+00
7.5905596797E-01
8.0059255857E-01
1.6973116234E+00
1.1866354675E-01
7.3082453389E-01
2.2943812113E-01
1.0249690213E+00
2.9798870315E-01
3.5209705980E-01
7.9968205146E-01
1.0458430631E+00
1.9435799256E+00
2.0551195328E-01
8.0468500507E-01
1.9868337034E+00
1.1896628176E+00
1.6410180973E+00
1.4755747429E+00
1.4793029685E+00
1.2615109064E+00
1.7737410688E+00
1.0526090838E+00
1.1062621857E+00
1.5982823775E+00
1.4305102002E+00
1.6585127822E+00
4.5782377046E-01
1.2856755826E+00
4.7885300402E-01
1.3663794428E+00
1.6781387366E+00
8.6298209419E-01
1.4992799526E+00
9.8846772892E-01
8.6786691530E-01
6.7079436622E-01
1.1142365118E+00
1.6943579615E+00
8.3479348316E-01
6.5647457795E-01
9.4828090414E-01
4.9081482728E-01
1.6141284875E+00
1.2486303381E+00
4.4183212700E-01
1.4762704757E+00
1.2392918642E+00
1.5180963218E+00
8.8980999647E-01
1.1457403296E+00
9.0287470765E-01
8.0035822893E-01
1.7814832122E+00
1.6372529752E+00
1.2319350247E+00
5.0139733249E-01
8.0873856776E-01
1.0395275330E+00
1.7117634563E+00
7.6588155666E-01
1.5729984337E+00
4.2132002683E-01
7.9399509164E-01
3.2365569043E-01
1.2573142948E+00
7.4013052608E-01
1.9031579296E+00
4.1183774718E-01
4.5461821766E-01
3.8121420314E-01
9.7719475289E-01
1.1524739750E+00
3.9445083497E-01
1.5962729446E+00
3.8255169709E-01
6.8355639864E-01
1.7721369204E+00
1.5977206131E+00
1.4167267017E+00
1.0610610792E-01
4.2558986710E-01
1.1856972835E+00
1.2489402871E-01
5.0177123261E-01
3.4115395005E-01
3.2197888462E-01
1.9703616066E+00
2.7623628052E-01
1.3238236140E+00
8.2137506304E-01
1.2769851879E+00
5.8465089004E-01
1.4663012284E+00
1.5835517576E+00
7.1368059457E-01
1.7797115260E+00
1.0951524809E+00
1.0545085075E+00
1.0940618648E+00
8.0736147498E-01
1.5699951195E+00
4.5681772416E-01
1.2139110832E+00
1.3899681962E-01
1.1209566965E-01
3.1467560019E-01
1.9306343649E+00
2.1444513785E-01
1.5509420860E-01
7.5445804700E-01
1.0843406261E+00
3.1644244739E-01
1.0087678772E+00
1.6554518793E+00
1.4187657564E+00
1.4547967855E+00
2.9467035264E-01
1.6392663607E-01
5.9278033241E-01
3.5068088345E-01
1.2431395685E+00
9.0393636890E-01
5.1977065641E-01
1.3871711978E+00
1.4663138939E+00
9.3291704007E-01
9.2817640656E-01
1.3288191872E+00
5.3031899187E-01
1.0647843988E+00
1.7164489265E+00
1.5708194979E+00
1.9874303463E+00
4.6658937042E-01
3.3734913730E-01
4.8869522619E-01
1.2212523041E-01
4.1207034245E-01
1.7708718264E+00
1.3755467027E+00
1.0754637674E+00
8.0048149981E-01
8.5223642814E-01
1.4832246642E+00
1.9188442403E+00
1.7605484594E+00
4.0985856559E-01
1.6654105004E+00
1.3876851607E+00
4.0098783492E-01
2.9484363328E-01
8.8078185108E-01
8.6168034717E-01
1.0160154139E+00
3.5195311507E-01
1.3190211261E+00
4.9517640747E-01
1.2153501076E+00
1.7715526579E-01
6.1919308648E-01
5.0296278016E-01
6.4210200011E-01
8.0982445011E-02
1.2616175564E+00
1.7700354114E+00
1.5907094887E+00
1.3346456589E+00
1.6089377008E+00
1.1796227985E+00
6.2893514295E-01
7.8554102912E-01
5.0426451392E-01
1.7888040850E+00
1.2565482736E+00
1.8277453039E+00
1.4267845404E+00
6.1064736068E-01
1.1395258901E+00
1.8898242981E+00
6.7656656218E-01
6.3293912132E-01
1.7744414944E+00
6.0205731087E-01
3.3176012118E-01
1.5284308165E+00
2.9166800948E-01
1.7074766509E-01
6.7875381695E-01
1.9050470668E+00
1.3365975335E+00
1.2095961211E+00
1.6819227219E-01
1.7745282608E+00
2.6623814548E-01
2.3850571845E-01
9.4427247689E-01
3.3576846745E-01
6.8062879099E-01
1.2328248149E+00
1.4112525223E+00
1.0844357042E+00
4.7626721992E-01
1.5198364181E+00
3.3351832411E-01
1.6495415367E+00
3.2995218578E-01
6.8212101275E-01
2.5163225594E-01
4.7119298000E-01
1.1837262404E+00
1.9888029120E+00
1.7369825553E+00
1.1689383280E+00
7.5153554666E-01
7.8596951305E-01
7.7843254461E-01
5.4197124565E-01
4.8606435997E-01
4.5301479397E-01
1.6584758550E+00
1.1736457153E+00
6.7917233764E-01
1.6151029067E+00
6.7412719638E-01
1.0091293376E+00
1.7804790069E+00
2.3243810994E-01
3.0076726132E-01
7.7306930927E-01
9.4653963439E-01
1.7892239785E+00
9.4267305199E-01
8.7650644146E-01
1.1614148563E+00
1.6985531736E+00
1.4478985306E+00
1.2873339770E+00
1.3516909208E+00
7.6656241579E-01
1.6816846011E+00
6.4332014895E-01
4.0259536927E-02
3.6130694267E-01
1.8064631337E+00
1.3325458348E+00
1.8812167040E+00
1.2910459211E+00
1.4372836657E-01
3.2756484347E-01
1.3809838900E-01
8.1997148138E-01
1.2596862208E+00
1.4855455926E+00
1.2215640379E+00
8.1712187273E-01
4.6310707196E-01
1.7875100780E+00
7.7022160691E-01
1.4713019172E+00
9.3660222848E-01
4.1869304111E-01
1.2476264911E+00
3.4169112172E-01
1.5016181213E+00
5.4172879402E-01
1.2162503747E+00
8.3899174430E-01
4.2777893824E-01
1.2556287146E+00
2.4351326921E-01
9.4938810623E-02
7.6623335274E-01
7.3889921921E-01
3.2491210293E-01
1.0426160046E+00
1.3223458014E+00
7.4649749954E-01
2.8489811921E-01
1.4030384048E+00
1.9100707180E+00
3.0689967993E-01
5.2147143421E-01
6.5630849043E-01
7.1449941481E-01
1.7985997447E+00
1.4491392709E+00
4.1650552730E-01
1.2835786240E+00
8.7768805805E-01
1.9566760603E+00
1.8524609679E+00
7.2808936774E-01
3.6840359760E-01
7.6029740194E-01
6.8877211492E-01
1.7533942683E+00
1.1484353902E+00
1.3115848482E+00
1.0221314371E+00
1.5013095387E+00
1.9125595818E-01
3.4436491685E-01
1.9813772332E+00
1.5130117702E+00
9.8458702432E-01
7.1359205026E-01
1.5127070292E+00
1.6518587848E+00
7.1302562919E-01
9.4234115036E-01
9.3920241946E-01
5.3925424111E-01
2.2663385961E-01
5.5351328437E-01
4.6837609781E-01
1.8109768728E+00
2.7433246358E-01
3.1492436456E-01
1.7049131468E-01
9.2451923988E-01
1.5960534424E+00
4.3454427608E-01
3.6605186566E-01
6.5127211658E-01
1.0204646988E+00
1.5059517843E+00
1.4618131874E+00
6.5202944297E-01
8.8426502540E-01
1.2699065205E+00
1.7918982292E+00
1.4185537198E+00
1.2877839164E+00
1.4562128520E+00
7.8174249446E-01
1.8887314134E+00
8.1401492979E-01
1.6507817933E+00
1.5774038623E+00
1.7186259882E+00
1.0957035917E+00
1.1175934792E+00
2.4089365389E-01
3.1389649812E-01
8.9341640673E-01
8.0537631158E-01
4.0053092461E-01
7.5477478725E-01
6.7969253708E-01
3.3929255574E-01
1.3504480832E-01
1.9984059688E-01
6.2115598104E-01
1.9743150260E-01
3.4971805001E-01
1.8914393209E+00
1.4521089190E+00
2.1496294224E-01
1.3692083117E+00
1.5018126692E+00
6.6348081602E-01
6.5493137804E-01
1.0371778470E+00
1.6927868638E+00
1.1565656908E+00
1.7816313391E-01
5.0398168095E-01
4.4436287928E-01
8.2540391508E-01
1.5210690822E+00
3.8116686704E-01
8.6772691317E-01
1.6287340152E+00
1.5139118535E+00
4.4485464248E-01
8.0066364734E-01
1.7672356933E+00
1.1374834605E+00
1.8231175677E+00
5.0030529709E-01
6.6676968032E-01
1.8105132209E+00
3.2518711788E-01
1.3054783608E+00
1.8196515987E+00
1.7339278061E+00
1.4237347496E+00
1.1537793907E+00
2.8985021795E-01
1.4495882391E+00
5.8360466009E-01
2.3124300983E-01
9.4750429949E-01
1.5587508114E+00
1.5847139858E+00
1.1951932989E+00
1.7307018492E+00
1.5012559055E+00
6.5739392769E-01
8.2905964987E-01
6.5160569957E-01
1.0294286151E+00
1.2386701852E+00
1.5411726684E-01
1.7217911176E-01
3.3358443071E-01
7.3531245902E-01
1.6028712014E+00
6.9835153132E-01
1.6820015808E+00
1.9031538522E+00
1.5342564778E+00
1.6014643863E+00
8.6654769183E-01
1.3882062842E+00
1.3286895569E-01
3.1054357828E-01
4.5185709580E-01
3.5623582130E-01
1.3898930627E+00
5.8403107794E-01
7.4533525337E-01
1.5070573928E+00
3.8414304757E-01
2.0889587122E-01
1.0310112416E+00
8.8990550266E-01
1.9413976875E+00
1.4908227312E-01
7.5759680548E-01
7.0571986389E-01
1.1991308762E+00
3.6858356638E-01
3.2957724643E-01
6.4186386385E-01
1.4641754913E+00
8.1421885476E-01
2.2236166247E-01
4.5348186040E-01
9.1500403563E-01
1.6185880910E+00
1.7469119555E-01
2.0245649570E-01
1.3877087298E+00
6.6754021970E-01
1.0957104368E+00
7.0720502926E-01
1.7889348349E+00
4.9512820177E-01
1.3247472951E+00
7.4620538138E-01
1.3524322087E+00
1.4733449127E+00
1.7825250081E+00
5.9432393741E-01
1.0138265458E+00
1.4894439714E+00
8.0323079585E-01
6.0223189833E-01
1.7656251863E+00
2.6112042448E-01
7.0200657596E-01
1.8201892619E+00
1.3593635112E+00
9.1052166614E-01
3.2171346807E-01
1.0075112447E+00
5.3694003027E-01
1.5909712141E+00
1.8431842474E-01
1.8815605719E+00
3.7169529839E-01
1.3450909143E+00
2.3440109448E-01
3.5858367022E-01
1.8607003946E+00
3.0997729424E-01
3.9251380957E-01
3.5877920311E-01
1.1034386707E+00
1.1418942197E+00
1.8816154271E+00
2.0043659162E-01
5.2406956175E-01
8.2460469382E-01
1.3251051601E+00
1.8440993690E+00
1.4503047570E+00
1.3211952575E+00
1.1466081715E+00
1.6511704022E+00
9.5297615245E-01
8.8826574996E-01
1.4982556862E+00
1.0148986205E+00
1.9966024465E+00
2.1908026727E-01
1.8523861275E+00
8.8551283889E-01
8.4461926355E-01
3.7130493803E-01
1.1911826606E+00
1.4678854464E+00
1.6079791811E+00
6.5401373226E-01
7.6405234253E-01
1.1132337067E+00
1.3263728373E+00
1.9705090696E+00
3.0993741118E-01
5.7269992142E-01
1.2683564960E+00
1.1287337195E+00
1.0947833409E+00
2.1114558910E-01
9.5253844728E-01
2.1764528388E-01
1.8392019189E+00
6.8794119145E-01
1.0324075725E+00
1.4916599194E+00
7.1775040162E-01
2.5209764669E-01
1.2313636232E+00
1.6412719299E+00
4.8414183868E-01
1.3050586487E+00
6.3888958549E-01
1.4433678843E+00
1.0986714343E+00
2.7726963387E-01
7.0693118748E-01
1.0405862175E+00
1.9836568233E+00
5.4722505005E-01
4.7095233997E-01
